0.0
-17.3
-16.4
0.0
-16.9
-16.7
-16.0
-16.6
-16.7
-16.3
-17.0
-17.6
-18.1
-17.7
-16.0
-15.3
-15.0
-15.6
-16.9
-17.5
-16.7
-15.8
-17.6
-17.2
-16.5
-17.0
-17.6
-15.2
-15.7
-17.0
-15.9
-16.4
-16.8
-18.4
-14.7
-16.4
-18.3
-17.2
-16.7
-17.4
-16.6
-15.1
-15.8
-17.4
-15.9
-18.4
-17.6
-15.7
-17.6
-15.9
-16.3
-16.1
-16.6
-16.2
-16.7
-16.9
-17.3
-17.1
-16.9
-16.9
-15.4
-17.8
-15.1
-16.9
0.0
-16.4
-16.3
-16.9
-17.2
-16.5
-16.3
-17.9
-16.1
-15.8
-16.3
-15.1
-16.2
-18.5
-16.4
-15.8
-15.8
-16.0
-17.0
-16.1
-16.2
-16.0
-16.3
-15.9
-17.2
-17.2
-16.9
-16.0
-16.8
-15.5
-17.1
-17.8
-17.4
0.0
-16.1
-17.0
-17.9
-17.3
-16.2
-15.4
-16.2
-15.3
-15.3
-16.9
-17.7
-16.7
-18.5
-17.6
-17.2
-17.6
-16.7
-16.2
-16.9
-17.0
-15.8
-17.5
-16.1
-17.2
-16.6
-16.5
-15.6
-16.9
-17.1
-17.2
-18.0
-16.8
-18.3
-17.5
-14.8
-16.7
-17.3
-15.9
-17.7
-16.6
-18.0
-17.0
-16.9
-15.5
-17.5
-15.6
-16.9
-18.0
-17.4
-17.6
-16.9
-16.1
-17.3
-16.9
-16.1
-16.2
-18.2
-17.7
-18.0
-17.6
